<TSP_SELFTEST>
TSP_SELFTEST_SPEC_15_TXT_Heart_Pro_iST207W_V03
5
IC_VENDOR:NA
IC_NAME:NA
FW_VER_BIN:NA
FW_VER_IC:NA
FW_MODEL:HDE007
</TSP_SELFTEST>

<TSP_ALL_NODE>
RAW_MULTI_P_V05
run_raw_multi_read_all
8,8
-9999,280,1507,2392,2392,1507,289,-9999
295,2337,2462,2462,2462,2462,2311,308
1507,2462,2462,2462,2462,2462,2462,1507
2392,2462,2462,2462,2462,2462,2462,2392
2392,2462,2462,2462,2462,2462,2462,2392
1507,2462,2462,2462,2462,2462,2462,1507
308,2337,2462,2462,2462,2462,2311,322
-9999,283,1507,2392,2392,1507,313,-9999

9999,1588,4521,5582,5582,4521,1640,9999
1672,5453,5745,5745,5745,5745,5394,1745
4521,5745,5745,5745,5745,5745,5745,4521
5582,5745,5745,5745,5745,5745,5745,5582
5582,5745,5745,5745,5745,5745,5745,5582
4521,5745,5745,5745,5745,5745,5745,4521
1746,5453,5745,5745,5745,5745,5394,1829
9999,1608,4521,5582,5582,4521,1776,9999

SELF_RAW_X_P_V05
run_self_raw_x_read_all
8,1
2620,3810,4170,4350,4140,3990,3640,2540

6310,8150,8940,9310,8860,8540,7800,6120

SELF_RAW_Y_P_V05
run_self_raw_y_read_all
8,1
2420,3670,4070,4260,4250,4100,3730,2520

5830,7850,8710,9120,9110,8790,7980,6080

1RC_RAW_DATA_P_V05
run_1rc_read_all
8,8
-9999,173,773,1203,1203,773,173,-9999
183,1183,1443,1443,1443,1443,1183,183
773,1443,1443,1443,1443,1443,1443,773
1203,1443,1443,1443,1443,1443,1443,1203
1203,1443,1443,1443,1443,1443,1443,1203
773,1443,1443,1443,1443,1443,1443,773
183,1183,1443,1443,1443,1443,1183,193
-9999,183,773,1203,1203,773,193,-9999

9999,953,2333,2813,2813,2333,973,9999
993,2763,2693,2693,2693,2693,2753,1013
2333,2693,2693,2693,2693,2693,2693,2333
2813,2693,2693,2693,2693,2693,2693,2813
2813,2693,2693,2693,2693,2693,2693,2813
2333,2693,2693,2693,2693,2693,2693,2333
1023,2763,2693,2693,2693,2693,2753,1043
9999,1013,2333,2813,2813,2333,1073,9999

1RC_GAP_P_V05
run_1rc_gap_read_all
8,8
0,0,0,0,0,0,0,0
0,0,0,0,0,0,0,0
0,0,0,0,0,0,0,0
0,0,0,0,0,0,0,0
0,0,0,0,0,0,0,0
0,0,0,0,0,0,0,0
0,0,0,0,0,0,0,0
0,0,0,0,0,0,0,0

9999,140,45,25,45,140,9999,9999
140,25,19,19,19,25,140,9999
45,19,19,19,19,19,45,80
25,19,19,19,19,19,25,25
45,19,19,19,19,19,25,45
140,19,19,19,19,19,45,140
9999,140,45,19,19,45,140,9999
9999,140,45,25,45,140,9999,9999

EOP_RAW_DATA_P_V05
run_eop_read_all
8,8
-9999,187,778,1219,1219,778,189,-9999
185,1204,1470,1470,1470,1470,1187,190
778,1470,1470,1470,1470,1470,1470,778
1219,1470,1470,1470,1470,1470,1470,1219
1219,1470,1470,1470,1470,1470,1470,1219
778,1470,1470,1470,1470,1470,1470,778
194,1204,1470,1470,1470,1470,1187,200
-9999,198,778,1219,1219,778,207,-9999

9999,1062,2335,2846,2846,2335,1071,9999
1051,2809,2731,2731,2731,2731,2771,1077
2335,2731,2731,2731,2731,2731,2731,2335
2846,2731,2731,2731,2731,2731,2731,2846
2846,2731,2731,2731,2731,2731,2731,2846
2335,2731,2731,2731,2731,2731,2731,2335
1102,2809,2731,2731,2731,2731,2771,1133
9999,1123,2335,2846,2846,2335,1173,9999

EOP_GAP_P_V05
run_eop_gap_read_all
8,8
0,0,0,0,0,0,0,0
0,0,0,0,0,0,0,0
0,0,0,0,0,0,0,0
0,0,0,0,0,0,0,0
0,0,0,0,0,0,0,0
0,0,0,0,0,0,0,0
0,0,0,0,0,0,0,0
0,0,0,0,0,0,0,0

9999,140,45,25,45,140,9999,9999
140,25,19,19,19,25,140,9999
45,19,19,19,19,19,45,80
25,19,19,19,19,19,25,25
45,19,19,19,19,19,25,45
140,19,19,19,19,19,45,140
9999,140,45,19,19,45,140,9999
9999,140,45,25,45,140,9999,9999

CHANNEL_SHORT_P_V05
run_channel_short_read_all
8,4
6963,6963,6963,6963,6963,6963,6963,6963
6963,6963,6963,6963,6963,6963,6963,6963
6963,6963,6963,6963,6963,6963,6963,6963
6963,6963,6963,6963,6963,6963,6963,6963

9420,9420,9420,9420,9420,9420,9420,9420
9420,9420,9420,9420,9420,9420,9420,9420
9420,9420,9420,9420,9420,9420,9420,9420
9420,9420,9420,9420,9420,9420,9420,9420
</TSP_ALL_NODE>